﻿,," Zone 2",Run Total," Zone 3",Run Total," Zone 4",Run Total," Zone 5",Run Total
2/29/20 0:30,0,0,0,0,0,0,0,0,0
2/29/20 1:00,0,0,0,0,0,0,0,0,0
2/29/20 1:30,0,0,0,0,0,0,0,0,0
2/29/20 2:00,0,0,0,0,0,0,0,0,0
2/29/20 2:30,0,0,0,0,0,0,0,0,0
2/29/20 3:00,0,0,0,0,0,0,0,0,0
2/29/20 3:30,0,0,0,0,0,0,0,0,0
2/29/20 4:00,0,0,0,0,0,0,0,0,0
2/29/20 4:30,0,0,0,0,0,0,0,0,0
2/29/20 5:00,0,0,0,0,0,0,0,0,0
2/29/20 5:30,0,0,0,0,0,0,0,0,0
2/29/20 6:00,0,0,0,0,0,0,0,0,0
2/29/20 6:30,0,0,0,0,0,0,0,0,0
2/29/20 7:00,0,0,0,0,0,0,0,0,0
2/29/20 7:30,0,0,0,0,0,0,0,0,0
2/29/20 8:00,0,0,0,0,0,0,0,0,0
2/29/20 8:30,0,0,0,0,0,0,0,0,0
2/29/20 9:00,0,0,0,0,0,0,0,0,0
2/29/20 9:30,0,0,0,0,0,0,0,0,0
2/29/20 10:00,0,0,0,0,0,0,0,0,0
2/29/20 10:30,0,0,0,0,0,0,0,0,0
2/29/20 11:00,0,0,0,0,0,0,0,0,0
2/29/20 11:30,6,2,2,0,0,3,3,1,1
2/29/20,3,1,3,1,1,1,4,0,1
2/29/20 12:30,2,1,4,0,1,0,4,1,2
2/29/20 13:00,2,1,5,0,1,0,4,1,3
2/29/20 13:30,2,1,6,0,1,1,5,0,3
2/29/20 14:00,3,0,6,0,1,1,6,2,5
2/29/20 14:30,1,0,6,0,1,1,7,0,5
2/29/20 15:00,1,0,6,0,1,1,8,0,5
2/29/20 15:30,0,0,6,0,1,0,8,0,5
2/29/20 16:00,2,0,6,2,3,0,8,0,5
2/29/20 16:30,1,1,7,0,3,0,8,0,5
2/29/20 17:00,4,1,8,2,5,1,9,0,5
2/29/20 17:30,2,1,9,1,6,0,9,0,5
2/29/20 18:00,1,1,10,0,6,0,9,0,5
2/29/20 18:30,1,0,10,0,6,0,9,1,6
2/29/20 19:00,0,0,10,0,6,0,9,0,6
2/29/20 19:30,8,4,14,2,8,2,11,0,6
2/29/20 20:00,15,5,19,5,13,3,14,2,8
2/29/20 20:30,7,5,24,1,14,0,14,1,9
2/29/20 21:00,6,3,27,2,16,1,15,0,9
2/29/20 21:30,7,2,29,0,16,3,18,2,11
2/29/20 22:00,4,2,31,1,17,1,19,0,11
2/29/20 22:30,3,1,32,0,17,1,20,1,12
2/29/20 23:00,4,2,34,0,17,2,22,0,12
2/29/20 23:30,4,0,34,4,21,0,22,0,12
3/1/20 0:00,1,1,35,0,21,0,22,0,12
,,,,,,,,,
,,,,,,,,,
,,,,,,,,,
,,,,,,,,,
,,,,,,,,,
,,,,,,,,,
,,,,,,,,,
,,,,,,,,,
,,,,,,,,,
,,,,,,,,,
,,,,,,,,,
,,,,,,,,,
,,,,,,,,,
,,,,,,,,,
,,,,,,,,,
,,,,,,,,,
,,,,,,,,,
,,,,,,,,,
,,,,,,,,,
,,,,,,,,,
,,,,,,,,,
,,,,,,,,,
,,,,,,,,,
,,,,,,,,,
,,,,,,,,,
,,,,,,,,,
,,,,,,,,,
,,,,,,,,,
,,,,,,,,,
,,,,,,,,,
,,,,,,,,,
,,,,,,,,,
,,,,,,,,,
,,,,,,,,,
,,,,,,,,,
,,,,,,,,,
,,,,,,,,,
,,,,,,,,,
,,,,,,,,,
,,,,,,,,,
,,,,,,,,,
,,,,,,,,,
,,,,,,,,,
,,,,,,,,,
,,,,,,,,,
,,,,,,,,,
,,,,,,,,,
,,,,,,,,,
,,,,,,,,,
,,,,,,,,,
,,,,,,,,,
,,,,,,,,,
,,,,,,,,,
,,,,,,,,,
,,,,,,,,,
,,,,,,,,,
,,,,,,,,,
,,,,,,,,,
,,,,,,,,,
,,,,,,,,,
,,,,,,,,,
,,,,,,,,,
,,,,,,,,,
,,,,,,,,,
,,,,,,,,,
,,,,,,,,,
,,,,,,,,,
,,,,,,,,,
,,,,,,,,,
,,,,,,,,,
,,,,,,,,,
,,,,,,,,,
,,,,,,,,,
,,,,,,,,,
,,,,,,,,,
,,,,,,,,,
,,,,,,,,,
,,,,,,,,,
,,,,,,,,,
,,,,,,,,,
,,,,,,,,,
,,,,,,,,,
,,,,,,,,,
,,,,,,,,,
,,,,,,,,,
,,,,,,,,,
,,,,,,,,,
,,,,,,,,,
,,,,,,,,,
,,,,,,,,,
,,,,,,,,,
,,,,,,,,,
,,,,,,,,,
,,,,,,,,,
,,,,,,,,,
,,,,,,,,,
,,,,,,,,,
,,,,,,,,,
,,,,,,,,,
,,,,,,,,,
,,,,,,,,,
,,,,,,,,,
,,,,,,,,,
,,,,,,,,,
,,,,,,,,,
,,,,,,,,,
,,,,,,,,,
,,,,,,,,,
,,,,,,,,,
,,,,,,,,,
,,,,,,,,,
,,,,,,,,,
,,,,,,,,,
,,,,,,,,,
,,,,,,,,,
,,,,,,,,,
,,,,,,,,,
,,,,,,,,,
,,,,,,,,,
,,,,,,,,,
,,,,,,,,,
,,,,,,,,,
,,,,,,,,,
,,,,,,,,,
,,,,,,,,,
,,,,,,,,,
,,,,,,,,,
,,,,,,,,,
,,,,,,,,,
,,,,,,,,,
,,,,,,,,,
,,,,,,,,,
,,,,,,,,,
,,,,,,,,,
,,,,,,,,,
,,,,,,,,,
,,,,,,,,,
,,,,,,,,,
,,,,,,,,,
,,,,,,,,,
,,,,,,,,,
,,,,,,,,,
,,,,,,,,,
,,,,,,,,,
,,,,,,,,,
,,,,,,,,,
,,,,,,,,,
,,,,,,,,,
,,,,,,,,,
,,,,,,,,,
,,,,,,,,,
,,,,,,,,,
,,,,,,,,,
,,,,,,,,,
,,,,,,,,,
,,,,,,,,,
,,,,,,,,,
,,,,,,,,,
,,,,,,,,,

