﻿,," 04 Eb Through #1",Run Total," 04 Eb Through #3",Run Total," 07 Eb Left Turn #1",Run Total," 07 Eb Left Turn #2",Run Total
5/29/20 0:30,0,0,0,0,0,0,0,0,0
5/29/20 1:00,0,0,0,0,0,0,0,0,0
5/29/20 1:30,0,0,0,0,0,0,0,0,0
5/29/20 2:00,0,0,0,0,0,0,0,0,0
5/29/20 2:30,0,0,0,0,0,0,0,0,0
5/29/20 3:00,0,0,0,0,0,0,0,0,0
5/29/20 3:30,0,0,0,0,0,0,0,0,0
5/29/20 4:00,0,0,0,0,0,0,0,0,0
5/29/20 4:30,0,0,0,0,0,0,0,0,0
5/29/20 5:00,0,0,0,0,0,0,0,0,0
5/29/20 5:30,0,0,0,0,0,0,0,0,0
5/29/20 6:00,0,0,0,0,0,0,0,0,0
5/29/20 6:30,0,0,0,0,0,0,0,0,0
5/29/20 7:00,0,0,0,0,0,0,0,0,0
5/29/20 7:30,0,0,0,0,0,0,0,0,0
5/29/20 8:00,0,0,0,0,0,0,0,0,0
5/29/20 8:30,0,0,0,0,0,0,0,0,0
5/29/20 9:00,0,0,0,0,0,0,0,0,0
5/29/20 9:30,0,0,0,0,0,0,0,0,0
5/29/20 10:00,0,0,0,0,0,0,0,0,0
5/29/20 10:30,0,0,0,0,0,0,0,0,0
5/29/20 11:00,0,0,0,0,0,0,0,0,0
5/29/20 11:30,0,0,0,0,0,0,0,0,0
5/29/20,0,0,0,0,0,0,0,0,0
5/29/20 12:30,0,0,0,0,0,0,0,0,0
5/29/20 13:00,7,1,1,4,4,1,1,1,1
5/29/20 13:30,4,0,1,2,6,0,1,2,3
5/29/20 14:00,3,1,2,1,7,1,2,0,3
5/29/20 14:30,6,1,3,1,8,1,3,3,6
5/29/20 15:00,0,0,3,0,8,0,3,0,6
5/29/20 15:30,0,0,3,0,8,0,3,0,6
5/29/20 16:00,6,0,3,4,12,0,3,2,8
5/29/20 16:30,6,2,5,0,12,0,3,4,12
5/29/20 17:00,1,0,5,1,13,0,3,0,12
5/29/20 17:30,0,0,5,0,13,0,3,0,12
5/29/20 18:00,3,0,5,1,14,1,4,1,13
5/29/20 18:30,4,0,5,3,17,0,4,1,14
5/29/20 19:00,2,0,5,1,18,0,4,1,15
5/29/20 19:30,0,0,5,0,18,0,4,0,15
5/29/20 20:00,0,0,5,0,18,0,4,0,15
5/29/20 20:30,0,0,5,0,18,0,4,0,15
5/29/20 21:00,0,0,5,0,18,0,4,0,15
5/29/20 21:30,4,3,8,0,18,0,4,1,16
5/29/20 22:00,3,2,10,0,18,0,4,1,17
5/29/20 22:30,6,1,11,2,20,0,4,3,20
5/29/20 23:00,5,1,12,4,24,0,4,0,20
5/29/20 23:30,1,0,12,0,24,0,4,1,21
5/30/20 0:00,1,0,12,1,25,0,4,0,21
5/30/20 0:30,2,1,13,0,25,0,4,1,22
5/30/20 1:00,0,0,13,0,25,0,4,0,22
5/30/20 1:30,2,0,13,0,25,1,5,1,23
5/30/20 2:00,1,0,13,1,26,0,5,0,23
5/30/20 2:30,0,0,13,0,26,0,5,0,23
5/30/20 3:00,0,0,13,0,26,0,5,0,23
5/30/20 3:30,1,1,14,0,26,0,5,0,23
5/30/20 4:00,2,1,15,0,26,0,5,1,24
5/30/20 4:30,2,1,16,0,26,0,5,1,25
5/30/20 5:00,1,0,16,0,26,0,5,1,26
5/30/20 5:30,0,0,16,0,26,0,5,0,26
5/30/20 6:00,0,0,16,0,26,0,5,0,26
5/30/20 6:30,2,0,16,2,28,0,5,0,26
5/30/20 7:00,1,0,16,1,29,0,5,0,26
5/30/20 7:30,0,0,16,0,29,0,5,0,26
5/30/20 8:00,1,1,17,0,29,0,5,0,26
5/30/20 8:30,0,0,17,0,29,0,5,0,26
5/30/20 9:00,1,0,17,1,30,0,5,0,26
5/30/20 9:30,5,0,17,1,31,1,6,3,29
5/30/20 10:00,2,1,18,1,32,0,6,0,29
5/30/20 10:30,4,0,18,0,32,3,9,1,30
5/30/20 11:00,4,0,18,0,32,0,9,4,34
5/30/20 11:30,1,0,18,1,33,0,9,0,34
5/30/20 12:00,4,0,18,2,35,0,9,2,36
5/30/20 12:30,5,1,19,2,37,1,10,1,37
5/30/20 13:00,3,0,19,1,38,2,12,0,37
5/30/20 13:30,2,1,20,0,38,0,12,1,38
5/30/20 14:00,1,0,20,0,38,0,12,1,39
5/30/20 14:30,3,0,20,2,40,1,13,0,39
5/30/20 15:00,0,0,20,0,40,0,13,0,39
5/30/20 15:30,0,0,20,0,40,0,13,0,39
5/30/20 16:00,1,0,20,1,41,0,13,0,39
5/30/20 16:30,0,0,20,0,41,0,13,0,39
5/30/20 17:00,0,0,20,0,41,0,13,0,39
5/30/20 17:30,0,0,20,0,41,0,13,0,39
5/30/20 18:00,5,1,21,1,42,2,15,1,40
5/30/20 18:30,3,1,22,0,42,0,15,2,42
5/30/20 19:00,0,0,22,0,42,0,15,0,42
5/30/20 19:30,0,0,22,0,42,0,15,0,42
5/30/20 20:00,2,0,22,0,42,1,16,1,43
5/30/20 20:30,2,0,22,0,42,1,17,1,44
5/30/20 21:00,0,0,22,0,42,0,17,0,44
5/30/20 21:30,4,2,24,1,43,0,17,1,45
5/30/20 22:00,4,2,26,1,44,0,17,1,46
5/30/20 22:30,4,1,27,1,45,0,17,2,48
5/30/20 23:00,1,0,27,0,45,0,17,1,49
5/30/20 23:30,6,2,29,1,46,1,18,2,51
5/31/20,5,2,31,1,47,0,18,2,53
5/31/20 0:30,1,0,31,1,48,0,18,0,53
5/31/20 1:00,0,0,31,0,48,0,18,0,53
5/31/20 1:30,0,0,31,0,48,0,18,0,53
5/31/20 2:00,0,0,31,0,48,0,18,0,53
5/31/20 2:30,1,0,31,1,49,0,18,0,53
5/31/20 3:00,1,1,32,0,49,0,18,0,53
5/31/20 3:30,0,0,32,0,49,0,18,0,53
5/31/20 4:00,1,1,33,0,49,0,18,0,53
5/31/20 4:30,2,0,33,2,51,0,18,0,53
5/31/20 5:00,0,0,33,0,51,0,18,0,53
5/31/20 5:30,2,1,34,1,52,0,18,0,53
5/31/20 6:00,4,1,35,3,55,0,18,0,53
5/31/20 6:30,2,0,35,2,57,0,18,0,53
5/31/20 7:00,0,0,35,0,57,0,18,0,53
5/31/20 7:30,0,0,35,0,57,0,18,0,53
5/31/20 8:00,3,0,35,3,60,0,18,0,53
5/31/20 8:30,0,0,35,0,60,0,18,0,53
5/31/20 9:00,1,0,35,1,61,0,18,0,53
5/31/20 9:30,1,0,35,0,61,0,18,1,54
5/31/20 10:00,1,0,35,1,62,0,18,0,54
5/31/20 10:30,3,0,35,3,65,0,18,0,54
5/31/20 11:00,0,0,35,0,65,0,18,0,54
5/31/20 11:30,0,0,35,0,65,0,18,0,54
5/31/20 12:00,8,0,35,1,66,2,20,5,59
5/31/20 12:30,7,2,37,0,66,0,20,5,64
5/31/20 13:00,3,0,37,1,67,2,22,0,64
5/31/20 13:30,9,0,37,4,71,1,23,4,68
5/31/20 14:00,5,2,39,0,71,1,24,2,70
5/31/20 14:30,1,0,39,0,71,1,25,0,70
5/31/20 15:00,2,0,39,2,73,0,25,0,70
5/31/20 15:30,3,0,39,0,73,2,27,1,71
5/31/20 16:00,7,1,40,3,76,0,27,3,74
5/31/20 16:30,2,0,40,2,78,0,27,0,74
5/31/20 17:00,2,1,41,1,79,0,27,0,74
5/31/20 17:30,2,0,41,0,79,0,27,2,76
5/31/20 18:00,3,2,43,0,79,0,27,1,77
5/31/20 18:30,4,1,44,0,79,3,30,0,77
5/31/20 19:00,1,0,44,1,80,0,30,0,77
5/31/20 19:30,0,0,44,0,80,0,30,0,77
5/31/20 20:00,2,1,45,0,80,0,30,1,78
5/31/20 20:30,1,0,45,1,81,0,30,0,78
5/31/20 21:00,3,2,47,1,82,0,30,0,78
5/31/20 21:30,15,5,52,3,85,1,31,6,84
5/31/20 22:00,16,7,59,1,86,2,33,6,90
5/31/20 22:30,24,11,70,9,95,1,34,3,93
5/31/20 23:00,2,1,71,0,95,0,34,1,94
5/31/20 23:30,3,2,73,1,96,0,34,0,94
6/1/20,0,0,73,0,96,0,34,0,94
,,,,,,,,,
,,,,,,,,,
,,,,,,,,,
,,,,,,,,,
,,,,,,,,,
,,,,,,,,,
,,,,,,,,,
,,,,,,,,,
,,,,,,,,,
,,,,,,,,,
,,,,,,,,,
,,,,,,,,,
,,,,,,,,,
,,,,,,,,,
,,,,,,,,,
,,,,,,,,,
,,,,,,,,,
,,,,,,,,,
,,,,,,,,,
,,,,,,,,,
,,,,,,,,,
,,,,,,,,,
,,,,,,,,,
,,,,,,,,,
,,,,,,,,,
,,,,,,,,,
,,,,,,,,,
,,,,,,,,,
,,,,,,,,,
,,,,,,,,,
,,,,,,,,,
,,,,,,,,,
,,,,,,,,,
,,,,,,,,,
,,,,,,,,,
,,,,,,,,,
,,,,,,,,,
,,,,,,,,,
,,,,,,,,,
,,,,,,,,,
,,,,,,,,,
,,,,,,,,,
,,,,,,,,,
,,,,,,,,,
,,,,,,,,,
,,,,,,,,,
,,,,,,,,,
,,,,,,,,,
,,,,,,,,,
,,,,,,,,,
,,,,,,,,,
,,,,,,,,,
,,,,,,,,,
,,,,,,,,,
,,,,,,,,,
,,,,,,,,,
,,,,,,,,,
,,,,,,,,,
,,,,,,,,,
,,,,,,,,,
,,,,,,,,,
,,,,,,,,,
,,,,,,,,,

