﻿,," Zone 2",Run Total," Zone 3",Run Total," Zone 4",Run Total," Zone 5",Run Total
11/1/19 0:30,6,3,3,1,1,1,1,1,1
11/1/19 1:00,0,0,3,0,1,0,1,0,1
11/1/19 1:30,0,0,3,0,1,0,1,0,1
11/1/19 2:00,0,0,3,0,1,0,1,0,1
11/1/19 2:30,1,0,3,1,2,0,1,0,1
11/1/19 3:00,0,0,3,0,2,0,1,0,1
11/1/19 3:30,0,0,3,0,2,0,1,0,1
11/1/19 4:00,0,0,3,0,2,0,1,0,1
11/1/19 4:30,2,0,3,0,2,1,2,1,2
11/1/19 5:00,1,0,3,1,3,0,2,0,2
11/1/19 5:30,1,1,4,0,3,0,2,0,2
11/1/19 6:00,7,2,6,2,5,1,3,2,4
11/1/19 6:30,0,0,6,0,5,0,3,0,4
11/1/19 7:00,4,1,7,1,6,2,5,0,4
11/1/19 7:30,8,2,9,1,7,2,7,3,7
11/1/19 8:00,4,1,10,2,9,1,8,0,7
11/1/19 8:30,0,0,10,0,9,0,8,0,7
11/1/19 9:00,2,1,11,1,10,0,8,0,7
11/1/19 9:30,0,0,11,0,10,0,8,0,7
11/1/19 10:00,0,0,11,0,10,0,8,0,7
11/1/19 10:30,2,0,11,1,11,1,9,0,7
11/1/19 11:00,3,0,11,2,13,1,10,0,7
11/1/19 11:30,1,0,11,0,13,0,10,1,8
11/1/19,2,1,12,0,13,1,11,0,8
11/1/19 12:30,0,0,12,0,13,0,11,0,8
11/1/19 13:00,2,0,12,1,14,1,12,0,8
11/1/19 13:30,2,1,13,1,15,0,12,0,8
11/1/19 14:00,2,0,13,0,15,2,14,0,8
11/1/19 14:30,3,0,13,1,16,1,15,1,9
11/1/19 15:00,2,1,14,1,17,0,15,0,9
11/1/19 15:30,5,0,14,2,19,2,17,1,10
11/1/19 16:00,0,0,14,0,19,0,17,0,10
11/1/19 16:30,4,1,15,1,20,1,18,1,11
11/1/19 17:00,0,0,15,0,20,0,18,0,11
11/1/19 17:30,1,1,16,0,20,0,18,0,11
11/1/19 18:00,0,0,16,0,20,0,18,0,11
11/1/19 18:30,1,1,17,0,20,0,18,0,11
11/1/19 19:00,2,0,17,1,21,1,19,0,11
11/1/19 19:30,7,4,21,2,23,1,20,0,11
11/1/19 20:00,16,7,28,5,28,4,24,0,11
11/1/19 20:30,9,2,30,3,31,3,27,1,12
11/1/19 21:00,5,2,32,1,32,1,28,1,13
11/1/19 21:30,3,0,32,1,33,1,29,1,14
11/1/19 22:00,5,4,36,1,34,0,29,0,14
11/1/19 22:30,2,0,36,1,35,1,30,0,14
11/1/19 23:00,3,1,37,2,37,0,30,0,14
11/1/19 23:30,3,0,37,1,38,1,31,1,15
11/2/19 0:00,1,0,37,1,39,0,31,0,15
11/2/19 0:30,0,0,37,0,39,0,31,0,15
11/2/19 1:00,1,0,37,1,40,0,31,0,15
11/2/19 1:30,1,1,38,0,40,0,31,0,15
11/2/19 2:00,0,0,38,0,40,0,31,0,15
11/2/19 2:30,2,2,40,0,40,0,31,0,15
11/2/19 3:00,0,0,40,0,40,0,31,0,15
11/2/19 3:30,2,0,40,1,41,1,32,0,15
11/2/19 4:00,0,0,40,0,41,0,32,0,15
11/2/19 4:30,0,0,40,0,41,0,32,0,15
11/2/19 5:00,1,1,41,0,41,0,32,0,15
11/2/19 5:30,0,0,41,0,41,0,32,0,15
11/2/19 6:00,1,1,42,0,41,0,32,0,15
11/2/19 6:30,2,1,43,0,41,1,33,0,15
11/2/19 7:00,3,1,44,1,42,0,33,1,16
11/2/19 7:30,6,1,45,1,43,2,35,2,18
11/2/19 8:00,2,1,46,0,43,0,35,1,19
11/2/19 8:30,0,0,46,0,43,0,35,0,19
11/2/19 9:00,0,0,46,0,43,0,35,0,19
11/2/19 9:30,1,1,47,0,43,0,35,0,19
11/2/19 10:00,0,0,47,0,43,0,35,0,19
11/2/19 10:30,3,2,49,0,43,1,36,0,19
11/2/19 11:00,1,0,49,0,43,0,36,1,20
11/2/19 11:30,1,1,50,0,43,0,36,0,20
11/2/19 12:00,2,0,50,0,43,1,37,1,21
11/2/19 12:30,3,2,52,0,43,0,37,1,22
11/2/19 13:00,4,4,56,0,43,0,37,0,22
11/2/19 13:30,7,2,58,1,44,3,40,1,23
11/2/19 14:00,1,0,58,1,45,0,40,0,23
11/2/19 14:30,0,0,58,0,45,0,40,0,23
11/2/19 15:00,1,0,58,0,45,1,41,0,23
11/2/19 15:30,3,1,59,1,46,1,42,0,23
11/2/19 16:00,0,0,59,0,46,0,42,0,23
11/2/19 16:30,6,3,62,0,46,1,43,2,25
11/2/19 17:00,0,0,62,0,46,0,43,0,25
11/2/19 17:30,1,0,62,0,46,0,43,1,26
11/2/19 18:00,3,1,63,1,47,1,44,0,26
11/2/19 18:30,3,0,63,2,49,1,45,0,26
11/2/19 19:00,3,1,64,2,51,0,45,0,26
11/2/19 19:30,4,0,64,3,54,1,46,0,26
11/2/19 20:00,12,4,68,7,61,0,46,1,27
11/2/19 20:30,10,7,75,1,62,1,47,1,28
11/2/19 21:00,3,3,78,0,62,0,47,0,28
11/2/19 21:30,9,5,83,2,64,2,49,0,28
11/2/19 22:00,7,6,89,1,65,0,49,0,28
11/2/19 22:30,6,2,91,2,67,2,51,0,28
11/2/19 23:00,8,3,94,3,70,2,53,0,28
11/2/19 23:30,2,1,95,1,71,0,53,0,28
11/3/19,3,0,95,0,71,1,54,2,30
11/3/19 0:30,1,0,95,1,72,0,54,0,30
11/3/19 1:00,3,0,95,0,72,2,56,1,31
11/3/19 1:30,0,0,95,0,72,0,56,0,31
11/3/19 2:00,1,0,95,0,72,1,57,0,31
11/3/19 2:30,0,0,95,0,72,0,57,0,31
11/3/19 3:00,0,0,95,0,72,0,57,0,31
11/3/19 3:30,0,0,95,0,72,0,57,0,31
11/3/19 4:00,0,0,95,0,72,0,57,0,31
11/3/19 4:30,0,0,95,0,72,0,57,0,31
11/3/19 5:00,0,0,95,0,72,0,57,0,31
11/3/19 5:30,0,0,95,0,72,0,57,0,31
11/3/19 6:00,1,0,95,1,73,0,57,0,31
11/3/19 6:30,1,1,96,0,73,0,57,0,31
11/3/19 7:00,2,1,97,1,74,0,57,0,31
11/3/19 7:30,0,0,97,0,74,0,57,0,31
11/3/19 8:00,1,1,98,0,74,0,57,0,31
11/3/19 8:30,2,0,98,0,74,2,59,0,31
11/3/19 9:00,0,0,98,0,74,0,59,0,31
11/3/19 9:30,1,0,98,0,74,0,59,1,32
11/3/19 10:00,1,0,98,0,74,1,60,0,32
11/3/19 10:30,3,2,100,0,74,0,60,1,33
11/3/19 11:00,0,0,100,0,74,0,60,0,33
11/3/19 11:30,1,0,100,0,74,0,60,1,34
11/3/19 12:00,1,0,100,0,74,1,61,0,34
11/3/19 12:30,0,0,100,0,74,0,61,0,34
11/3/19 13:00,3,2,102,0,74,1,62,0,34
11/3/19 13:30,2,0,102,1,75,0,62,1,35
11/3/19 14:00,1,0,102,1,76,0,62,0,35
11/3/19 14:30,1,0,102,0,76,1,63,0,35
11/3/19 15:00,2,2,104,0,76,0,63,0,35
11/3/19 15:30,1,1,105,0,76,0,63,0,35
11/3/19 16:00,1,0,105,0,76,1,64,0,35
11/3/19 16:30,1,0,105,1,77,0,64,0,35
11/3/19 17:00,4,1,106,1,78,2,66,0,35
11/3/19 17:30,0,0,106,0,78,0,66,0,35
11/3/19 18:00,5,2,108,1,79,2,68,0,35
11/3/19 18:30,10,4,112,4,83,1,69,1,36
11/3/19 19:00,10,6,118,1,84,2,71,1,37
11/3/19 19:30,6,3,121,3,87,0,71,0,37
11/3/19 20:00,3,1,122,1,88,1,72,0,37
11/3/19 20:30,4,1,123,3,91,0,72,0,37
11/3/19 21:00,1,0,123,0,91,1,73,0,37
11/3/19 21:30,3,2,125,1,92,0,73,0,37
11/3/19 22:00,1,1,126,0,92,0,73,0,37
11/3/19 22:30,0,0,126,0,92,0,73,0,37
11/3/19 23:00,2,1,127,1,93,0,73,0,37
11/3/19 23:30,0,0,127,0,93,0,73,0,37
11/4/19,1,1,128,0,93,0,73,0,37
11/4/19 0:30,1,1,129,0,93,0,73,0,37
11/4/19 1:00,0,0,129,0,93,0,73,0,37
11/4/19 1:30,0,0,129,0,93,0,73,0,37
11/4/19 2:00,0,0,129,0,93,0,73,0,37
11/4/19 2:30,0,0,129,0,93,0,73,0,37
11/4/19 3:00,1,0,129,1,94,0,73,0,37
11/4/19 3:30,1,1,130,0,94,0,73,0,37
11/4/19 4:00,0,0,130,0,94,0,73,0,37
11/4/19 4:30,1,0,130,1,95,0,73,0,37
11/4/19 5:00,3,1,131,1,96,1,74,0,37
11/4/19 5:30,0,0,131,0,96,0,74,0,37
11/4/19 6:00,3,1,132,2,98,0,74,0,37
11/4/19 6:30,1,1,133,0,98,0,74,0,37
11/4/19 7:00,2,2,135,0,98,0,74,0,37
11/4/19 7:30,0,0,135,0,98,0,74,0,37
11/4/19 8:00,0,0,135,0,98,0,74,0,37
11/4/19 8:30,5,1,136,1,99,3,77,0,37
11/4/19 9:00,1,0,136,1,100,0,77,0,37
11/4/19 9:30,3,0,136,1,101,2,79,0,37
11/4/19 10:00,1,1,137,0,101,0,79,0,37
11/4/19 10:30,1,0,137,1,102,0,79,0,37
11/4/19 11:00,1,0,137,1,103,0,79,0,37
11/4/19 11:30,1,0,137,0,103,0,79,1,38
11/4/19 12:00,2,1,138,1,104,0,79,0,38
11/4/19 12:30,2,1,139,0,104,0,79,1,39
11/4/19 13:00,0,0,139,0,104,0,79,0,39
11/4/19 13:30,0,0,139,0,104,0,79,0,39
11/4/19 14:00,0,0,139,0,104,0,79,0,39
11/4/19 14:30,3,0,139,1,105,1,80,1,40
11/4/19 15:00,1,0,139,1,106,0,80,0,40
11/4/19 15:30,2,0,139,1,107,1,81,0,40
11/4/19 16:00,1,1,140,0,107,0,81,0,40
11/4/19 16:30,0,0,140,0,107,0,81,0,40
11/4/19 17:00,0,0,140,0,107,0,81,0,40
11/4/19 17:30,1,0,140,0,107,0,81,1,41
11/4/19 18:00,4,0,140,1,108,2,83,1,42
11/4/19 18:30,6,3,143,3,111,0,83,0,42
11/4/19 19:00,11,4,147,6,117,1,84,0,42
11/4/19 19:30,19,5,152,9,126,4,88,1,43
11/4/19 20:00,11,6,158,3,129,1,89,1,44
11/4/19 20:30,4,0,158,0,129,3,92,1,45
11/4/19 21:00,6,3,161,2,131,1,93,0,45
11/4/19 21:30,5,1,162,2,133,1,94,1,46
11/4/19 22:00,2,2,164,0,133,0,94,0,46
11/4/19 22:30,6,4,168,1,134,0,94,1,47
11/4/19 23:00,1,1,169,0,134,0,94,0,47
11/4/19 23:30,3,2,171,1,135,0,94,0,47
11/5/19,1,0,171,0,135,1,95,0,47
11/5/19 0:30,0,0,171,0,135,0,95,0,47
11/5/19 1:00,0,0,171,0,135,0,95,0,47
11/5/19 1:30,0,0,171,0,135,0,95,0,47
11/5/19 2:00,1,1,172,0,135,0,95,0,47
11/5/19 2:30,0,0,172,0,135,0,95,0,47
11/5/19 3:00,0,0,172,0,135,0,95,0,47
11/5/19 3:30,0,0,172,0,135,0,95,0,47
11/5/19 4:00,0,0,172,0,135,0,95,0,47
11/5/19 4:30,1,0,172,0,135,1,96,0,47
11/5/19 5:00,0,0,172,0,135,0,96,0,47
11/5/19 5:30,0,0,172,0,135,0,96,0,47
11/5/19 6:00,5,3,175,2,137,0,96,0,47
11/5/19 6:30,5,3,178,2,139,0,96,0,47
11/5/19 7:00,1,1,179,0,139,0,96,0,47
11/5/19 7:30,1,1,180,0,139,0,96,0,47
11/5/19 8:00,0,0,180,0,139,0,96,0,47
11/5/19 8:30,0,0,180,0,139,0,96,0,47
11/5/19 9:00,2,0,180,0,139,2,98,0,47
11/5/19 9:30,0,0,180,0,139,0,98,0,47
11/5/19 10:00,0,0,180,0,139,0,98,0,47
11/5/19 10:30,2,0,180,2,141,0,98,0,47
11/5/19 11:00,0,0,180,0,141,0,98,0,47
11/5/19 11:30,2,1,181,0,141,1,99,0,47
11/5/19 12:00,0,0,181,0,141,0,99,0,47
11/5/19 12:30,3,1,182,0,141,1,100,1,48
11/5/19 13:00,2,2,184,0,141,0,100,0,48
11/5/19 13:30,2,0,184,0,141,1,101,1,49
11/5/19 14:00,0,0,184,0,141,0,101,0,49
11/5/19 14:30,1,0,184,0,141,1,102,0,49
11/5/19 15:00,2,2,186,0,141,0,102,0,49
11/5/19 15:30,2,0,186,1,142,1,103,0,49
11/5/19 16:00,1,1,187,0,142,0,103,0,49
11/5/19 16:30,0,0,187,0,142,0,103,0,49
11/5/19 17:00,1,0,187,1,143,0,103,0,49
11/5/19 17:30,0,0,187,0,143,0,103,0,49
11/5/19 18:00,5,1,188,2,145,2,105,0,49
11/5/19 18:30,7,4,192,2,147,1,106,0,49
11/5/19 19:00,14,5,197,9,156,0,106,0,49
11/5/19 19:30,12,6,203,4,160,0,106,2,51
11/5/19 20:00,9,6,209,2,162,1,107,0,51
11/5/19 20:30,9,4,213,2,164,1,108,2,53
11/5/19 21:00,11,4,217,3,167,3,111,1,54
11/5/19 21:30,6,3,220,2,169,0,111,1,55
11/5/19 22:00,3,0,220,1,170,1,112,1,56
11/5/19 22:30,6,2,222,3,173,1,113,0,56
11/5/19 23:00,2,0,222,1,174,1,114,0,56
11/5/19 23:30,6,1,223,1,175,3,117,1,57
11/6/19,1,0,223,1,176,0,117,0,57
11/6/19 0:30,3,2,225,0,176,1,118,0,57
11/6/19 1:00,0,0,225,0,176,0,118,0,57
11/6/19 1:30,1,0,225,1,177,0,118,0,57
11/6/19 2:00,0,0,225,0,177,0,118,0,57
11/6/19 2:30,0,0,225,0,177,0,118,0,57
11/6/19 3:00,0,0,225,0,177,0,118,0,57
11/6/19 3:30,0,0,225,0,177,0,118,0,57
11/6/19 4:00,2,0,225,1,178,1,119,0,57
11/6/19 4:30,0,0,225,0,178,0,119,0,57
11/6/19 5:00,1,0,225,0,178,1,120,0,57
11/6/19 5:30,1,1,226,0,178,0,120,0,57
11/6/19 6:00,5,0,226,1,179,2,122,2,59
11/6/19 6:30,2,2,228,0,179,0,122,0,59
11/6/19 7:00,1,0,228,1,180,0,122,0,59
11/6/19 7:30,0,0,228,0,180,0,122,0,59
11/6/19 8:00,1,0,228,0,180,1,123,0,59
11/6/19 8:30,1,0,228,0,180,1,124,0,59
11/6/19 9:00,1,1,229,0,180,0,124,0,59
11/6/19 9:30,0,0,229,0,180,0,124,0,59
11/6/19 10:00,1,0,229,0,180,0,124,1,60
11/6/19 10:30,0,0,229,0,180,0,124,0,60
11/6/19 11:00,1,0,229,1,181,0,124,0,60
11/6/19 11:30,1,0,229,1,182,0,124,0,60
11/6/19 12:00,2,0,229,0,182,2,126,0,60
11/6/19 12:30,3,1,230,0,182,1,127,1,61
11/6/19 13:00,3,2,232,1,183,0,127,0,61
11/6/19 13:30,3,0,232,1,184,2,129,0,61
11/6/19 14:00,1,0,232,1,185,0,129,0,61
11/6/19 14:30,1,0,232,1,186,0,129,0,61
11/6/19 15:00,3,0,232,0,186,1,130,2,63
11/6/19 15:30,0,0,232,0,186,0,130,0,63
11/6/19 16:00,2,0,232,0,186,1,131,1,64
11/6/19 16:30,1,0,232,0,186,1,132,0,64
11/6/19 17:00,0,0,232,0,186,0,132,0,64
11/6/19 17:30,1,1,233,0,186,0,132,0,64
11/6/19 18:00,1,1,234,0,186,0,132,0,64
11/6/19 18:30,8,5,239,3,189,0,132,0,64
11/6/19 19:00,21,11,250,8,197,2,134,0,64
11/6/19 19:30,15,8,258,6,203,1,135,0,64
11/6/19 20:00,17,6,264,8,211,2,137,1,65
11/6/19 20:30,16,4,268,8,219,4,141,0,65
11/6/19 21:00,10,3,271,3,222,3,144,1,66
11/6/19 21:30,3,1,272,2,224,0,144,0,66
11/6/19 22:00,2,1,273,0,224,1,145,0,66
11/6/19 22:30,7,1,274,5,229,1,146,0,66
11/6/19 23:00,8,3,277,2,231,2,148,1,67
11/6/19 23:30,4,2,279,0,231,1,149,1,68
11/7/19,5,2,281,3,234,0,149,0,68
11/7/19 0:30,0,0,281,0,234,0,149,0,68
11/7/19 1:00,2,1,282,0,234,0,149,1,69
11/7/19 1:30,0,0,282,0,234,0,149,0,69
11/7/19 2:00,3,0,282,2,236,1,150,0,69
11/7/19 2:30,0,0,282,0,236,0,150,0,69
11/7/19 3:00,0,0,282,0,236,0,150,0,69
11/7/19 3:30,0,0,282,0,236,0,150,0,69
11/7/19 4:00,1,0,282,1,237,0,150,0,69
11/7/19 4:30,0,0,282,0,237,0,150,0,69
11/7/19 5:00,0,0,282,0,237,0,150,0,69
11/7/19 5:30,2,1,283,1,238,0,150,0,69
11/7/19 6:00,1,1,284,0,238,0,150,0,69
11/7/19 6:30,2,1,285,0,238,1,151,0,69
11/7/19 7:00,2,1,286,0,238,1,152,0,69
11/7/19 7:30,0,0,286,0,238,0,152,0,69
11/7/19 8:00,0,0,286,0,238,0,152,0,69
11/7/19 8:30,2,1,287,0,238,0,152,1,70
11/7/19 9:00,2,1,288,0,238,0,152,1,71
11/7/19 9:30,0,0,288,0,238,0,152,0,71
11/7/19 10:00,2,0,288,0,238,1,153,1,72
11/7/19 10:30,1,0,288,1,239,0,153,0,72
11/7/19 11:00,1,0,288,0,239,1,154,0,72
11/7/19 11:30,8,0,288,3,242,3,157,2,74
11/7/19 12:00,1,1,289,0,242,0,157,0,74
11/7/19 12:30,7,1,290,3,245,2,159,1,75
11/7/19 13:00,3,2,292,0,245,1,160,0,75
11/7/19 13:30,0,0,292,0,245,0,160,0,75
11/7/19 14:00,0,0,292,0,245,0,160,0,75
11/7/19 14:30,2,0,292,0,245,1,161,1,76
11/7/19 15:00,1,0,292,1,246,0,161,0,76
11/7/19 15:30,0,0,292,0,246,0,161,0,76
11/7/19 16:00,2,0,292,0,246,1,162,1,77
11/7/19 16:30,0,0,292,0,246,0,162,0,77
11/7/19 17:00,0,0,292,0,246,0,162,0,77
11/7/19 17:30,0,0,292,0,246,0,162,0,77
11/7/19 18:00,8,7,299,0,246,1,163,0,77
11/7/19 18:30,7,4,303,3,249,0,163,0,77
11/7/19 19:00,15,8,311,5,254,1,164,1,78
11/7/19 19:30,17,10,321,5,259,0,164,2,80
11/7/19 20:00,15,7,328,5,264,3,167,0,80
11/7/19 20:30,1,1,329,0,264,0,167,0,80

