﻿,," Zone 2",Run Total," Zone 3",Run Total," Zone 4",Run Total," Zone 5",Run Total
8/27/19 0:30,0,0,0,0,0,0,0,0,0
8/27/19 1:00,0,0,0,0,0,0,0,0,0
8/27/19 1:30,0,0,0,0,0,0,0,0,0
8/27/19 2:00,0,0,0,0,0,0,0,0,0
8/27/19 2:30,0,0,0,0,0,0,0,0,0
8/27/19 3:00,0,0,0,0,0,0,0,0,0
8/27/19 3:30,0,0,0,0,0,0,0,0,0
8/27/19 4:00,0,0,0,0,0,0,0,0,0
8/27/19 4:30,0,0,0,0,0,0,0,0,0
8/27/19 5:00,0,0,0,0,0,0,0,0,0
8/27/19 5:30,0,0,0,0,0,0,0,0,0
8/27/19 6:00,0,0,0,0,0,0,0,0,0
8/27/19 6:30,0,0,0,0,0,0,0,0,0
8/27/19 7:00,0,0,0,0,0,0,0,0,0
8/27/19 7:30,0,0,0,0,0,0,0,0,0
8/27/19 8:00,0,0,0,0,0,0,0,0,0
8/27/19 8:30,0,0,0,0,0,0,0,0,0
8/27/19 9:00,1,1,1,0,0,0,0,0,0
8/27/19 9:30,0,0,1,0,0,0,0,0,0
8/27/19 10:00,3,0,1,1,1,0,0,2,2
8/27/19 10:30,2,0,1,2,3,0,0,0,2
8/27/19 11:00,3,2,3,0,3,1,1,0,2
8/27/19 11:30,2,0,3,0,3,2,3,0,2
8/27/19,0,0,3,0,3,0,3,0,2
8/27/19 12:30,2,0,3,0,3,1,4,1,3
8/27/19 13:00,2,0,3,0,3,1,5,1,4
8/27/19 13:30,1,0,3,0,3,1,6,0,4
8/27/19 14:00,0,0,3,0,3,0,6,0,4
8/27/19 14:30,5,0,3,0,3,3,9,2,6
8/27/19 15:00,1,1,4,0,3,0,9,0,6
8/27/19 15:30,1,0,4,0,3,0,9,1,7
8/27/19 16:00,0,0,4,0,3,0,9,0,7
8/27/19 16:30,1,0,4,0,3,0,9,1,8
8/27/19 17:00,3,0,4,0,3,0,9,3,11
8/27/19 17:30,1,0,4,1,4,0,9,0,11
8/27/19 18:00,0,0,4,0,4,0,9,0,11
8/27/19 18:30,4,0,4,2,6,2,11,0,11
8/27/19 19:00,0,0,4,0,6,0,11,0,11
8/27/19 19:30,0,0,4,0,6,0,11,0,11
8/27/19 20:00,4,1,5,1,7,2,13,0,11
8/27/19 20:30,2,0,5,0,7,1,14,1,12
8/27/19 21:00,10,2,7,6,13,1,15,1,13
8/27/19 21:30,2,1,8,1,14,0,15,0,13
8/27/19 22:00,6,3,11,2,16,1,16,0,13
8/27/19 22:30,9,3,14,4,20,2,18,0,13
8/27/19 23:00,5,4,18,0,20,1,19,0,13
8/27/19 23:30,2,0,18,2,22,0,19,0,13
8/28/19 0:00,1,0,18,0,22,1,20,0,13
8/28/19 0:30,0,0,18,0,22,0,20,0,13
8/28/19 1:00,1,0,18,1,23,0,20,0,13
8/28/19 1:30,0,0,18,0,23,0,20,0,13
8/28/19 2:00,0,0,18,0,23,0,20,0,13
8/28/19 2:30,0,0,18,0,23,0,20,0,13
8/28/19 3:00,0,0,18,0,23,0,20,0,13
8/28/19 3:30,0,0,18,0,23,0,20,0,13
8/28/19 4:00,0,0,18,0,23,0,20,0,13
8/28/19 4:30,3,3,21,0,23,0,20,0,13
8/28/19 5:00,3,2,23,1,24,0,20,0,13
8/28/19 5:30,2,0,23,2,26,0,20,0,13
8/28/19 6:00,6,2,25,1,27,3,23,0,13
8/28/19 6:30,0,0,25,0,27,0,23,0,13
8/28/19 7:00,0,0,25,0,27,0,23,0,13
8/28/19 7:30,0,0,25,0,27,0,23,0,13
8/28/19 8:00,1,0,25,0,27,1,24,0,13
8/28/19 8:30,1,1,26,0,27,0,24,0,13
8/28/19 9:00,0,0,26,0,27,0,24,0,13
8/28/19 9:30,3,1,27,1,28,0,24,1,14
8/28/19 10:00,4,1,28,1,29,0,24,2,16
8/28/19 10:30,1,1,29,0,29,0,24,0,16
8/28/19 11:00,1,1,30,0,29,0,24,0,16
8/28/19 11:30,1,0,30,0,29,1,25,0,16
8/28/19 12:00,4,2,32,1,30,1,26,0,16
8/28/19 12:30,1,1,33,0,30,0,26,0,16
8/28/19 13:00,0,0,33,0,30,0,26,0,16
8/28/19 13:30,3,0,33,0,30,3,29,0,16
8/28/19 14:00,3,1,34,1,31,1,30,0,16
8/28/19 14:30,0,0,34,0,31,0,30,0,16
8/28/19 15:00,0,0,34,0,31,0,30,0,16
8/28/19 15:30,4,0,34,1,32,1,31,2,18
8/28/19 16:00,0,0,34,0,32,0,31,0,18
8/28/19 16:30,0,0,34,0,32,0,31,0,18
8/28/19 17:00,2,0,34,1,33,1,32,0,18
8/28/19 17:30,6,2,36,0,33,1,33,3,21
8/28/19 18:00,2,1,37,1,34,0,33,0,21
8/28/19 18:30,5,3,40,0,34,1,34,1,22
8/28/19 19:00,1,0,40,1,35,0,34,0,22
8/28/19 19:30,2,1,41,0,35,1,35,0,22
8/28/19 20:00,0,0,41,0,35,0,35,0,22
8/28/19 20:30,0,0,41,0,35,0,35,0,22
8/28/19 21:00,6,5,46,1,36,0,35,0,22
8/28/19 21:30,7,2,48,3,39,1,36,1,23
8/28/19 22:00,6,2,50,3,42,1,37,0,23
8/28/19 22:30,3,0,50,2,44,0,37,1,24
8/28/19 23:00,1,1,51,0,44,0,37,0,24
8/28/19 23:30,1,0,51,1,45,0,37,0,24
8/29/19,0,0,51,0,45,0,37,0,24
8/29/19 0:30,0,0,51,0,45,0,37,0,24
8/29/19 1:00,1,0,51,0,45,0,37,1,25
8/29/19 1:30,0,0,51,0,45,0,37,0,25
8/29/19 2:00,0,0,51,0,45,0,37,0,25
8/29/19 2:30,0,0,51,0,45,0,37,0,25
8/29/19 3:00,0,0,51,0,45,0,37,0,25
8/29/19 3:30,0,0,51,0,45,0,37,0,25
8/29/19 4:00,1,0,51,1,46,0,37,0,25
8/29/19 4:30,0,0,51,0,46,0,37,0,25
8/29/19 5:00,0,0,51,0,46,0,37,0,25
8/29/19 5:30,2,0,51,1,47,1,38,0,25
8/29/19 6:00,2,1,52,1,48,0,38,0,25
8/29/19 6:30,1,1,53,0,48,0,38,0,25
8/29/19 7:00,3,1,54,2,50,0,38,0,25
8/29/19 7:30,0,0,54,0,50,0,38,0,25
8/29/19 8:00,0,0,54,0,50,0,38,0,25
8/29/19 8:30,0,0,54,0,50,0,38,0,25
8/29/19 9:00,3,3,57,0,50,0,38,0,25
8/29/19 9:30,2,2,59,0,50,0,38,0,25
8/29/19 10:00,5,1,60,0,50,1,39,3,28
8/29/19 10:30,2,1,61,0,50,1,40,0,28
8/29/19 11:00,0,0,61,0,50,0,40,0,28
8/29/19 11:30,0,0,61,0,50,0,40,0,28
8/29/19 12:00,1,1,62,0,50,0,40,0,28
8/29/19 12:30,0,0,62,0,50,0,40,0,28
8/29/19 13:00,0,0,62,0,50,0,40,0,28
8/29/19 13:30,4,1,63,2,52,1,41,0,28
8/29/19 14:00,0,0,63,0,52,0,41,0,28
8/29/19 14:30,3,2,65,1,53,0,41,0,28
8/29/19 15:00,0,0,65,0,53,0,41,0,28
8/29/19 15:30,3,0,65,1,54,0,41,2,30
8/29/19 16:00,0,0,65,0,54,0,41,0,30
8/29/19 16:30,4,0,65,1,55,2,43,1,31
8/29/19 17:00,5,0,65,2,57,3,46,0,31
8/29/19 17:30,5,0,65,1,58,4,50,0,31
8/29/19 18:00,4,2,67,1,59,0,50,1,32
8/29/19 18:30,0,0,67,0,59,0,50,0,32
8/29/19 19:00,2,1,68,1,60,0,50,0,32
8/29/19 19:30,0,0,68,0,60,0,50,0,32
8/29/19 20:00,0,0,68,0,60,0,50,0,32
8/29/19 20:30,1,0,68,0,60,1,51,0,32
8/29/19 21:00,3,1,69,0,60,2,53,0,32
8/29/19 21:30,13,6,75,4,64,3,56,0,32
8/29/19 22:00,6,0,75,5,69,0,56,1,33
8/29/19 22:30,5,3,78,2,71,0,56,0,33
8/29/19 23:00,1,0,78,0,71,1,57,0,33
8/29/19 23:30,3,2,80,1,72,0,57,0,33
8/30/19,5,0,80,2,74,2,59,1,34
8/30/19 0:30,3,0,80,1,75,2,61,0,34
8/30/19 1:00,0,0,80,0,75,0,61,0,34
8/30/19 1:30,0,0,80,0,75,0,61,0,34
8/30/19 2:00,1,0,80,1,76,0,61,0,34
8/30/19 2:30,0,0,80,0,76,0,61,0,34
8/30/19 3:00,0,0,80,0,76,0,61,0,34
8/30/19 3:30,0,0,80,0,76,0,61,0,34
8/30/19 4:00,2,0,80,2,78,0,61,0,34
8/30/19 4:30,0,0,80,0,78,0,61,0,34
8/30/19 5:00,0,0,80,0,78,0,61,0,34
8/30/19 5:30,0,0,80,0,78,0,61,0,34
8/30/19 6:00,1,1,81,0,78,0,61,0,34
8/30/19 6:30,0,0,81,0,78,0,61,0,34
8/30/19 7:00,1,0,81,0,78,0,61,1,35
8/30/19 7:30,0,0,81,0,78,0,61,0,35
8/30/19 8:00,0,0,81,0,78,0,61,0,35
8/30/19 8:30,1,1,82,0,78,0,61,0,35
8/30/19 9:00,0,0,82,0,78,0,61,0,35
8/30/19 9:30,2,0,82,1,79,1,62,0,35
8/30/19 10:00,4,0,82,1,80,0,62,3,38
8/30/19 10:30,1,1,83,0,80,0,62,0,38
8/30/19 11:00,3,2,85,0,80,1,63,0,38
8/30/19 11:30,0,0,85,0,80,0,63,0,38
8/30/19 12:00,1,1,86,0,80,0,63,0,38
8/30/19 12:30,3,1,87,2,82,0,63,0,38
8/30/19 13:00,1,1,88,0,82,0,63,0,38
8/30/19 13:30,2,2,90,0,82,0,63,0,38
8/30/19 14:00,0,0,90,0,82,0,63,0,38
8/30/19 14:30,2,1,91,0,82,1,64,0,38
8/30/19 15:00,2,2,93,0,82,0,64,0,38
8/30/19 15:30,1,1,94,0,82,0,64,0,38
8/30/19 16:00,2,0,94,0,82,1,65,1,39
8/30/19 16:30,2,1,95,0,82,0,65,1,40
8/30/19 17:00,4,2,97,0,82,0,65,2,42
8/30/19 17:30,2,1,98,1,83,0,65,0,42
8/30/19 18:00,0,0,98,0,83,0,65,0,42
8/30/19 18:30,6,0,98,3,86,2,67,1,43
8/30/19 19:00,0,0,98,0,86,0,67,0,43
8/30/19 19:30,0,0,98,0,86,0,67,0,43
8/30/19 20:00,0,0,98,0,86,0,67,0,43
8/30/19 20:30,0,0,98,0,86,0,67,0,43
8/30/19 21:00,6,4,102,1,87,1,68,0,43
8/30/19 21:30,6,2,104,1,88,2,70,1,44
8/30/19 22:00,6,0,104,5,93,1,71,0,44
8/30/19 22:30,8,4,108,2,95,1,72,1,45
8/30/19 23:00,7,5,113,1,96,1,73,0,45
8/30/19 23:30,4,2,115,1,97,1,74,0,45
8/31/19,4,2,117,2,99,0,74,0,45
8/31/19 0:30,6,4,121,2,101,0,74,0,45
8/31/19 1:00,2,1,122,1,102,0,74,0,45
8/31/19 1:30,1,1,123,0,102,0,74,0,45
8/31/19 2:00,3,0,123,3,105,0,74,0,45
8/31/19 2:30,1,1,124,0,105,0,74,0,45
8/31/19 3:00,0,0,124,0,105,0,74,0,45
8/31/19 3:30,0,0,124,0,105,0,74,0,45
8/31/19 4:00,1,0,124,0,105,1,75,0,45
8/31/19 4:30,0,0,124,0,105,0,75,0,45
8/31/19 5:00,1,1,125,0,105,0,75,0,45
8/31/19 5:30,0,0,125,0,105,0,75,0,45
8/31/19 6:00,0,0,125,0,105,0,75,0,45
8/31/19 6:30,0,0,125,0,105,0,75,0,45
8/31/19 7:00,3,0,125,1,106,2,77,0,45
8/31/19 7:30,0,0,125,0,106,0,77,0,45
8/31/19 8:00,1,0,125,0,106,1,78,0,45
8/31/19 8:30,1,1,126,0,106,0,78,0,45
8/31/19 9:00,3,1,127,1,107,1,79,0,45
8/31/19 9:30,3,3,130,0,107,0,79,0,45
8/31/19 10:00,5,4,134,0,107,1,80,0,45
8/31/19 10:30,3,2,136,0,107,1,81,0,45
8/31/19 11:00,1,0,136,0,107,1,82,0,45
8/31/19 11:30,1,0,136,0,107,1,83,0,45
8/31/19 12:00,2,1,137,0,107,1,84,0,45
8/31/19 12:30,1,0,137,1,108,0,84,0,45
8/31/19 13:00,1,1,138,0,108,0,84,0,45
8/31/19 13:30,1,1,139,0,108,0,84,0,45
8/31/19 14:00,5,0,139,0,108,5,89,0,45
8/31/19 14:30,4,3,142,1,109,0,89,0,45
8/31/19 15:00,0,0,142,0,109,0,89,0,45
8/31/19 15:30,2,1,143,0,109,1,90,0,45
8/31/19 16:00,2,2,145,0,109,0,90,0,45
8/31/19 16:30,3,0,145,1,110,2,92,0,45
8/31/19 17:00,3,1,146,2,112,0,92,0,45
8/31/19 17:30,1,0,146,0,112,0,92,1,46
8/31/19 18:00,3,0,146,1,113,1,93,1,47
8/31/19 18:30,1,0,146,1,114,0,93,0,47
8/31/19 19:00,0,0,146,0,114,0,93,0,47
8/31/19 19:30,0,0,146,0,114,0,93,0,47
8/31/19 20:00,0,0,146,0,114,0,93,0,47
8/31/19 20:30,1,1,147,0,114,0,93,0,47
8/31/19 21:00,5,0,147,4,118,1,94,0,47
8/31/19 21:30,5,1,148,2,120,1,95,1,48
8/31/19 22:00,3,2,150,1,121,0,95,0,48
8/31/19 22:30,7,3,153,3,124,1,96,0,48
8/31/19 23:00,8,5,158,2,126,1,97,0,48
8/31/19 23:30,4,3,161,1,127,0,97,0,48
9/1/19,3,3,164,0,127,0,97,0,48

